119.345	119.315	119.286	119.256	119.226	119.197	119.168	119.138	119.108	119.079	119.049	119.019	118.99	118.961	118.931	118.901	118.872	118.842	118.812	118.783	118.753	118.723	118.694	118.664	118.634	118.605	118.575	118.545	118.516	118.486	118.485	118.456	118.455	
-26.266	-26.2453	-26.2244	-26.2036	-26.1825	-26.162	-26.1409	-26.1199	-26.0991	-26.0781	-26.0571	-26.036	-26.0151	-25.9942	-25.9732	-25.9521	-25.9309	-25.9099	-25.8888	-25.8675	-25.8463	-25.8253	-25.8041	-25.7829	-25.7617	-25.7404	-25.7191	-25.6979	-25.6767	-25.6552	-25.6547	-25.634	-25.6334	
5222.63	5218.22	5212.85	5206.56	5195.41	5201.55	5193.46	5184.73	5184.62	5176	5171.15	5164.28	5161.21	5160.45	5154.51	5150.88	5143.55	5141.12	5135.06	5127.4	5120.99	5120.28	5111.87	5109.39	5104.99	5098.42	5093.43	5089.1	5086.71	5080.53	5080.7	5076.34	5076.03	
119.094	119.094	119.094	119.094	119.068	119.068	119.067	
-26.0887	-26.0887	-26.0887	-26.0887	-26.0704	-26.07	-26.0696	
5012.63	5012.63	5012.63	5012.63	5013.32	5013.35	5013.39	
118.492	118.461	
-25.6583	-25.6364	
5100.23	5099.24	
119.428	119.428	119.398	119.398	119.368	119.368	119.338	119.338	119.309	119.308	119.279	119.278	119.249	119.249	119.219	119.219	119.19	119.189	119.16	119.159	119.13	119.13	119.1	119.1	119.07	119.07	119.041	119.04	119.011	119.01	118.981	118.98	118.951	118.951	118.921	118.921	118.891	118.891	118.89	118.862	118.861	118.86	
-26.3245	-26.3245	-26.3035	-26.3032	-26.2826	-26.2823	-26.2616	-26.2613	-26.2405	-26.2402	-26.2195	-26.2191	-26.1987	-26.1984	-26.1776	-26.1773	-26.1566	-26.1562	-26.1355	-26.1352	-26.1144	-26.1141	-26.0933	-26.0929	-26.0722	-26.0717	-26.0511	-26.0507	-26.0299	-26.0296	-26.0087	-26.0083	-25.9877	-25.9873	-25.9663	-25.9659	-25.9451	-25.9446	-25.9441	-25.9238	-25.9234	-25.9229	
5406.43	5406.43	5400.34	5400.27	5396.52	5396.48	5388.36	5388.21	5383.49	5383.48	5376.02	5375.85	5378.34	5378.53	5370.62	5370.29	5366.77	5366.96	5365.39	5365.25	5358.02	5357.93	5351.87	5351.78	5347.03	5346.95	5345.74	5345.76	5341.84	5341.74	5334.43	5334.27	5335.78	5335.94	5324.68	5324.21	5321.08	5321.28	5321.54	5315.81	5315.53	5315.19	
